2 1.08
2 2.07
2 2.57
2 3.05
1 3.59
1 3.97
1 4.46
1 4.92
1 5.38
1 5.83
1 6.29
1 6.75
1 7.25
1 7.72
2 8.18
2 8.68
2 9.15
2 9.67
2 10.15
2 11.104431390762329
5 12.087020635604858
6 12.538647413253784
5 12.94817304611206
6 13.361693620681763
2 13.743802547454834
2 14.228338241577148
2 14.722368240356445
2 15.210992574691772
2 15.689507722854614
2 16.193089246749878
2 16.689666986465454
2 17.18567967414856
2 17.679805755615234
2 18.19584083557129
2 18.689871788024902
2 19.166492700576782
3 20.06404757499695
0 21.199692726135254
1 21.728795289993286
0 23.439011096954346
1 23.84352707862854
0 24.300644159317017
1 24.745176076889038
0 25.190722942352295
1 25.579282760620117
0 26.026840209960938
1 26.42685627937317
0 26.799437522888184
1 27.22000503540039
0 27.646012783050537
1 28.033097982406616
0 28.42867159843445
1 28.774179458618164
0 29.183706760406494
1 29.643330574035645
1 30.119347095489502
1 30.582884550094604
0 30.949001789093018
1 31.35401439666748
0 31.750033855438232
1 32.11314582824707
0 32.4791738986969
1 32.869197368621826
0 33.22980189323425
1 33.63384127616882
0 34.00384855270386
1 34.38138818740845
0 34.78851270675659
1 35.187514781951904
0 35.54703712463379
1 35.89764666557312
0 36.237223625183105
1 36.65781855583191
0 37.05234217643738
1 37.43735599517822
0 37.76343035697937
1 38.16001057624817
0 38.6155161857605
1 39.027557134628296
0 39.420167684555054
0 39.80168414115906
1 40.184205055236816
1 40.575788736343384
0 40.984342098236084
1 41.40086245536804
0 41.732436180114746
1 42.08651113510132
0 42.43605136871338
1 42.90155076980591
0 43.302659034729004
1 43.75318622589111
0 44.1123468875885
1 44.480358839035034
0 44.82343673706055
1 45.1990110874176
0 45.69201946258545
1 46.14210343360901
0 46.49667501449585
2 46.84368634223938
2 47.794838666915894
2 48.57588005065918
2 49.0835063457489
2 49.56102180480957
4 50.37967395782471
4 51.18971133232117
4 51.847347021102905
4 52.491377115249634
4 53.0775146484375
4 53.71553325653076
2 54.5281708240509
2 55.068705797195435
2 55.57833218574524
1 56.39089751243591
0 56.91550087928772
1 57.315025091171265
0 57.7075469493866
1 58.14615559577942
0 58.5071861743927
1 58.90769338607788
0 59.261738777160645
1 59.689350605010986
3 60.07685828208923
1 60.75949001312256
2 60.95401120185852
1 61.64754581451416
0 61.99414539337158
0 62.77319407463074
0 63.124730348587036
1 63.3773238658905
0 63.68833518028259
1 64.11936044692993
4 64.33288335800171
2 65.02802038192749
2 65.89814805984497
3 66.40968084335327
1 66.93321490287781
0 67.32532525062561
1 67.7238872051239
0 68.04786252975464
1 68.44094204902649
0 68.79601287841797
1 69.18802881240845
0 69.57805013656616
0 69.98016119003296
0 70.4561972618103
0 70.91472101211548
0 71.33133840560913
0 71.7088565826416
0 72.10887312889099
0 72.50045824050903
1 72.83502388000488
1 73.27203059196472
1 73.60556364059448
1 73.98367214202881
1 74.42519807815552
1 74.86722254753113
1 75.33284115791321
1 75.77337193489075
1 76.1928915977478
0 76.56049704551697
0 76.98252630233765
0 77.40404725074768
0 77.79265403747559
0 78.17319893836975
0 78.59370112419128
0 79.04382157325745
0 79.47686076164246
0 79.83386659622192
0 80.11839151382446
1 80.54653143882751
0 80.91902947425842
1 81.31604385375977
0 81.63161849975586
1 82.05417132377625
0 82.42220091819763
1 82.89680767059326
0 83.32586216926575
1 83.70639634132385
2 84.08939504623413
2 84.93003582954407
1 85.6886773109436
1 86.14869523048401
1 86.5637104511261
1 87.00176620483398
1 87.37437176704407
1 87.63287281990051
0 88.08791851997375
0 88.31449294090271
0 88.6545307636261
0 89.03753876686096
0 89.44957685470581
0 89.85116505622864
0 90.26122736930847
0 90.64773201942444
0 91.00734066963196
0 91.40286231040955
1 91.77187275886536
0 92.13645505905151
1 92.49803042411804
0 92.89003992080688
1 93.29306769371033
0 93.71618032455444
1 94.10520362854004
0 94.4762167930603
1 94.84882736206055
0 95.25636553764343
1 95.68387413024902
0 96.07495594024658
1 96.4395432472229
0 96.85204148292542
1 97.14405655860901
1 97.62818312644958
1 98.01020550727844
1 98.42071795463562
1 98.79176568984985
1 99.16086673736572
2 99.56787490844727
2 100.05698609352112
1 101.0390522480011
2 101.45316362380981
2 102.37322163581848
2 102.8903489112854
2 103.83580088615417
